date,IE00B4L5Y983,IE00B4L5YC18,IE00B3XXRP09,IE00B14X4T88,IE00B0M62T89,IE00B0M62S72
2021-04-06,14.0,17.0,10.0,66.0,0.0,0.0
2021-04-05,14.0,17.0,10.0,66.0,0.0,0.0
2021-04-04,14.0,17.0,10.0,66.0,0.0,0.0
2021-04-03,14.0,17.0,10.0,66.0,0.0,0.0
2021-04-02,14.0,17.0,10.0,66.0,0.0,0.0
2021-04-01,14.0,17.0,10.0,66.0,0.0,0.0
2021-03-31,14.0,17.0,10.0,66.0,0.0,0.0
2021-03-30,14.0,17.0,10.0,66.0,0.0,0.0
2021-03-29,14.0,17.0,10.0,66.0,0.0,0.0
2021-03-28,14.0,17.0,10.0,66.0,0.0,0.0
2021-03-27,14.0,17.0,10.0,66.0,0.0,0.0
2021-03-26,14.0,17.0,10.0,66.0,0.0,0.0
2021-03-25,9.0,8.0,5.0,58.0,0.0,0.0
2021-03-24,9.0,8.0,5.0,58.0,0.0,0.0
2021-03-23,9.0,8.0,5.0,58.0,0.0,0.0
2021-03-22,9.0,8.0,5.0,58.0,0.0,0.0
2021-03-21,9.0,8.0,5.0,58.0,0.0,0.0
2021-03-20,9.0,8.0,5.0,58.0,0.0,0.0
2021-03-19,9.0,8.0,5.0,58.0,0.0,0.0
2021-03-18,9.0,8.0,5.0,58.0,0.0,0.0
2021-03-17,9.0,8.0,5.0,58.0,0.0,0.0
2021-03-16,9.0,8.0,5.0,58.0,0.0,0.0
2021-03-15,9.0,8.0,5.0,58.0,0.0,0.0
2021-03-14,9.0,8.0,5.0,58.0,0.0,0.0
2021-03-13,9.0,8.0,5.0,58.0,0.0,0.0
2021-03-12,9.0,8.0,5.0,58.0,0.0,0.0
2021-03-11,9.0,8.0,5.0,58.0,0.0,0.0
2021-03-10,9.0,8.0,5.0,58.0,0.0,0.0
2021-03-09,9.0,8.0,5.0,58.0,0.0,0.0
2021-03-08,9.0,8.0,5.0,58.0,0.0,0.0
2021-03-07,9.0,8.0,5.0,58.0,0.0,0.0
2021-03-06,9.0,8.0,5.0,58.0,0.0,0.0
2021-03-05,9.0,8.0,5.0,58.0,0.0,0.0
2021-03-04,9.0,8.0,5.0,58.0,0.0,0.0
2021-03-03,9.0,8.0,5.0,58.0,0.0,0.0
2021-03-02,9.0,8.0,5.0,58.0,0.0,0.0
2021-03-01,9.0,8.0,5.0,58.0,0.0,0.0
2021-02-28,9.0,8.0,5.0,58.0,0.0,0.0
2021-02-27,9.0,8.0,5.0,58.0,0.0,0.0
2021-02-26,9.0,8.0,5.0,58.0,0.0,0.0
2021-02-25,9.0,8.0,5.0,58.0,0.0,0.0
2021-02-24,5.0,0.0,0.0,48.0,0.0,0.0
2021-02-23,5.0,0.0,0.0,48.0,0.0,0.0
2021-02-22,5.0,0.0,0.0,48.0,0.0,0.0
2021-02-21,5.0,0.0,0.0,48.0,0.0,0.0
2021-02-20,5.0,0.0,0.0,48.0,0.0,0.0
2021-02-19,5.0,0.0,0.0,48.0,0.0,0.0
2021-02-18,5.0,0.0,0.0,48.0,0.0,0.0
2021-02-17,5.0,0.0,0.0,48.0,0.0,0.0
2021-02-16,5.0,0.0,0.0,48.0,0.0,0.0
2021-02-15,5.0,0.0,0.0,48.0,0.0,0.0
2021-02-14,5.0,0.0,0.0,48.0,0.0,0.0
2021-02-13,5.0,0.0,0.0,48.0,0.0,0.0
2021-02-12,5.0,0.0,0.0,48.0,0.0,0.0
2021-02-11,5.0,0.0,0.0,48.0,0.0,0.0
2021-02-10,5.0,0.0,0.0,48.0,0.0,0.0
2021-02-09,5.0,0.0,0.0,48.0,0.0,0.0
2021-02-08,5.0,0.0,0.0,48.0,0.0,0.0
2021-02-07,5.0,0.0,0.0,48.0,0.0,0.0
2021-02-06,5.0,0.0,0.0,48.0,0.0,0.0
2021-02-05,5.0,0.0,0.0,48.0,0.0,0.0
2021-02-04,5.0,0.0,0.0,48.0,0.0,0.0
2021-02-03,5.0,0.0,0.0,48.0,0.0,0.0
2021-02-02,5.0,0.0,0.0,48.0,0.0,0.0
2021-02-01,5.0,0.0,0.0,48.0,0.0,0.0
2021-01-31,5.0,0.0,0.0,48.0,0.0,0.0
2021-01-30,5.0,0.0,0.0,48.0,0.0,0.0
2021-01-29,5.0,0.0,0.0,48.0,0.0,0.0
2021-01-28,5.0,0.0,0.0,48.0,0.0,0.0
2021-01-27,5.0,0.0,0.0,48.0,0.0,0.0
2021-01-26,5.0,0.0,0.0,48.0,0.0,0.0
2021-01-25,5.0,0.0,0.0,48.0,0.0,0.0
2021-01-24,0.0,0.0,0.0,13.0,2.0,0.0
2021-01-23,0.0,0.0,0.0,13.0,2.0,0.0
2021-01-22,0.0,0.0,0.0,13.0,2.0,0.0
2021-01-21,0.0,0.0,0.0,13.0,2.0,0.0
2021-01-20,0.0,0.0,0.0,13.0,2.0,0.0
2021-01-19,0.0,0.0,0.0,13.0,2.0,0.0
2021-01-18,0.0,0.0,0.0,13.0,2.0,0.0
2021-01-17,0.0,0.0,0.0,13.0,2.0,0.0
2021-01-16,0.0,0.0,0.0,13.0,2.0,0.0
2021-01-15,0.0,0.0,0.0,13.0,2.0,0.0
2021-01-14,0.0,0.0,0.0,13.0,2.0,0.0
2021-01-13,0.0,0.0,0.0,13.0,2.0,0.0
2021-01-12,0.0,0.0,0.0,13.0,2.0,0.0
2021-01-11,0.0,0.0,0.0,13.0,2.0,0.0
2021-01-10,0.0,0.0,0.0,13.0,2.0,0.0
2021-01-09,0.0,0.0,0.0,13.0,2.0,0.0
2021-01-08,0.0,0.0,0.0,13.0,2.0,0.0
2021-01-07,0.0,0.0,0.0,13.0,2.0,0.0
2021-01-06,0.0,0.0,0.0,13.0,2.0,0.0
2021-01-05,0.0,0.0,0.0,13.0,2.0,0.0
2021-01-04,0.0,0.0,0.0,13.0,0.0,0.0
